K 0 0.0 0.0 0.0
O 1 -2.6778071909677146 1.0314819595671438 -0.9226588150210364
C 2 -1.9156283373719405 -0.1002375290491368 -0.7179841030015902
O 3 -2.318524690478345 -1.0037729082541016 0.07405366414412555
C 4 -0.6350829996905174 -0.28699633197840896 -1.3946327796409363
C 5 0.5409308244626411 -0.11088841806919497 -0.5204308794649075
C 6 0.8761029730995441 -0.7260732172278934 0.6476415715622611
C 7 2.096715387539164 -0.24123709548141664 1.0799061936412215
N 8 2.475350900156388 0.6706423073000012 0.14391792465614037
C 9 1.5579431332507852 0.7670812331929922 -0.8263785750578397
